Accuracy List:
5/9/18 3:30 0.8109
5/9/18 4:40 0.8162 0.568


Momentum Model
5/9/18 7:36 20000 .8159 .5707
5/9/18 8:55 60000 .8411 .4780
5/10/18 7:16 260000 .8738 .3914
5/10/18 2:45 460000 .8908 .3558


Momentum Model 2
5/10/18 3:59 40000 .8341 .5032
5/10/18 7:05 80000 .8509 .4517
5/10/18 8:46 12000 .8573 .4368
5/11/18 8:12 309971 .8761 .4249
5/11/18 12:08 409971 .8779 .4718

[[1.7830e+03 9.0000e+00 1.1000e+01 4.0000e+00 4.9000e+01 3.7000e+01]
 [6.8000e+01 1.7426e+04 6.8800e+02 2.2000e+01 8.5000e+01 4.2800e+02]
 [5.1000e+01 1.0210e+03 4.8430e+03 2.8000e+01 1.2700e+02 1.1330e+03]
 [5.0000e+00 3.0000e+00 1.7000e+01 1.8900e+02 2.0000e+01 2.9000e+01]
 [4.5000e+01 5.0000e+01 2.2600e+02 5.0000e+01 4.7290e+03 1.5860e+03]
 [4.7500e+02 9.5900e+02 2.5810e+03 1.0580e+03 4.2330e+03 7.9562e+04]]